arm 0 0 0 70 96 -1 -109
arm 1 71 0 97 128 0 -80
arm 2 169 0 128 131 0 -68
arm 3 298 0 156 145 0 -70
arm 4 455 0 181 142 0 -78
arm 5 637 0 200 136 0 -84
arm 6 838 0 212 132 0 -88
arm 7 1051 0 218 129 0 -91
arm 8 0 146 220 129 0 -91
arm 9 221 146 219 129 0 -91
mech 0 441 146 138 146 69 145
mech 1 580 146 138 146 69 145
mech 2 719 146 138 146 69 145
mech 3 858 146 138 146 69 145
mech 4 997 146 138 146 69 145
mech 5 1136 146 138 146 69 145
mech 6 0 293 138 146 69 145
mech 7 139 293 138 146 69 145
mech_red 0 278 293 138 146 69 145
mech_red 1 417 293 138 146 69 145
mech_red 2 556 293 138 146 69 145
mech_red 3 695 293 138 146 69 145
mech_red 4 834 293 138 146 69 145
mech_red 5 973 293 138 146 69 145
mech_red 6 1112 293 138 146 69 145
mech_red 7 1251 293 138 146 69 145
mech_gold 0 0 440 138 146 69 145
mech_gold 1 139 440 138 146 69 145
mech_gold 2 278 440 138 146 69 145
mech_gold 3 417 440 138 146 69 145
mech_gold 4 556 440 138 146 69 145
mech_gold 5 695 440 138 146 69 145
mech_gold 6 834 440 138 146 69 145
mech_gold 7 973 440 138 146 69 145
expl 0 1112 440 64 64 32 32
expl 1 1177 440 64 64 32 32
expl 2 1242 440 64 64 32 32
expl 3 1307 440 64 64 32 32
expl 4 0 587 64 64 32 32
expl 5 65 587 64 64 32 32
smoke 0 130 587 24 24 12 12
smoke 1 155 587 24 24 12 12
smoke 2 180 587 24 24 12 12
smoke 3 205 587 24 24 12 12
rock_big 0 230 587 64 61 32 60
rock_small 0 295 587 28 47 14 46
mesa 0 324 587 114 54 57 53
cactus 0 439 587 26 60 13 59
bolt 0 466 587 16 16 8 8
bolt 1 483 587 16 16 8 8
plasma 0 500 587 24 24 12 12
plasma 1 525 587 24 24 12 12
plasma 2 550 587 24 24 12 12
plasma 3 575 587 24 24 12 12
flash 0 600 587 28 28 14 14
flash 1 629 587 20 20 10 10
mflash 0 650 587 26 26 13 13
mflash 1 677 587 18 18 9 9
debris 0 696 587 12 10 6 5
debris 1 709 587 14 10 7 5
debris 2 724 587 10 12 5 6
debris 3 735 587 12 12 6 6
debris 4 748 587 10 8 5 4
debris 5 759 587 9 9 4 4
scorch 0 769 587 64 24 32 12
