player 0 0 0 48 20 24 10
fighter 0 49 0 40 18 20 9
drone 0 90 0 40 18 20 9
gunship 0 131 0 65 29 32 19
mine 0 197 0 50 64 25 32
mlaser 0 248 0 59 6 0 3
tip 0 308 0 6 8 3 4
bolt 0 315 0 12 3 6 1
bolt 1 328 0 8 3 4 1
spark 0 337 0 7 7 3 3
spark 1 345 0 5 5 2 2
orb 0 351 0 7 7 3 3
orb 1 359 0 7 7 3 3
torpedo 0 367 0 11 11 5 5
torpedo 1 379 0 11 11 5 5
cap 0 391 0 15 11 7 5
cap 1 407 0 15 11 7 5
cap 2 423 0 15 11 7 5
star 0 439 0 7 7 3 3
star 1 447 0 5 5 2 2
star 2 453 0 3 3 1 1
expl 0 457 0 64 64 32 32
expl 1 522 0 64 64 32 32
expl 2 587 0 64 64 32 32
expl 3 652 0 64 64 32 32
expl 4 717 0 64 64 32 32
expl 5 782 0 64 64 32 32
smoke 0 847 0 24 24 12 12
smoke 1 872 0 24 24 12 12
smoke 2 897 0 24 24 12 12
smoke 3 922 0 24 24 12 12
flash 0 947 0 28 28 14 14
flash 1 976 0 20 20 10 10
mflash 0 997 0 26 26 13 13
mflash 1 0 65 18 18 9 9
debris 0 19 65 12 10 6 5
debris 1 32 65 14 10 7 5
debris 2 47 65 10 12 5 6
debris 3 58 65 12 12 6 6
debris 4 71 65 10 8 5 4
debris 5 82 65 9 9 4 4
port 0 92 65 11 11 5 5
port 1 104 65 11 11 5 5
port 2 116 65 11 11 5 5
